# Uranium (U) NIR line list, vacuum Angstrom
# Source: Sarmiento et al., cr2re-calib/lines_u_sarmiento.fits (nm*10)
5001.0070
5001.3480
5002.9430
5005.4000
5007.4060
5009.6070
5010.0770
5010.7960
5012.8070
5013.2260
5013.8030
5021.2940
5021.3810
5022.5780
5025.9700
5026.7800
5026.8330
5027.7650
5028.7870
5028.9110
5033.4480
5037.9300
5043.7110
5048.8090
5050.4560
5052.8380
5054.7600
5057.8490
5057.8840
5060.9630
5062.3600
5062.4320
5063.1630
5065.1700
5065.4520
5068.0850
5068.2240
5068.6240
5074.1680
5076.1780
5077.4240
5078.1670
5078.4030
5078.6780
5079.2200
5079.6140
5081.8970
5082.8140
5087.2100
5087.2660
5088.2390
5089.7050
5094.5160
5095.3130
5102.4290
5108.1570
5109.1010
5110.8060
5112.1120
5115.8990
5116.2700
5116.9500
5117.0350
5118.3530
5118.6650
5120.9290
5121.8480
5125.5090
5126.3720
5126.9190
5127.2720
5127.5640
5129.7900
5131.5900
5133.6210
5134.0440
5135.6160
5140.7720
5141.4080
5142.1650
5143.8280
5144.1440
5144.1750
5145.9480
5148.4200
5149.8580
5150.3930
5150.6780
5153.5660
5153.8220
5154.2010
5154.8270
5155.3420
5155.6550
5157.3490
5157.4680
5161.7530
5162.1060
5165.5770
5168.1810
5169.8530
5170.2280
5174.0960
5177.1210
5178.6570
5181.4590
5182.3210
5186.0150
5186.1580
5190.0070
5190.6480
5191.6920
5192.9590
5193.4480
5195.3420
5197.9050
5199.4420
5202.9040
5203.8990
5204.6390
5205.1010
5205.7020
5205.7620
5206.1130
5206.6120
5207.4470
5209.2360
5213.9380
5214.1840
5216.6310
5216.9770
5217.6130
5218.3860
5220.0010
5223.3510
5225.2410
5226.5760
5227.9430
5230.1970
5230.7480
5231.7510
5232.4560
5233.6260
5234.2600
5235.6160
5236.1170
5237.5440
5238.4530
5240.8170
5241.4690
5243.2440
5243.7720
5245.1730
5246.1450
5248.8120
5249.1050
5249.4880
5250.5030
5252.0150
5252.6760
5255.0200
5255.3310
5256.7340
5257.1540
5258.5080
5260.1830
5261.3680
5266.2190
5266.7130
5266.8400
5267.4550
5268.8780
5268.9350
5269.6050
5270.0180
5272.0950
5273.4730
5274.7090
5276.1460
5276.6620
5277.3950
5279.6370
5281.8490
5282.0080
5283.4640
5284.8430
5285.0490
5288.4020
5289.8520
5295.5040
5298.9210
5299.0970
5300.4550
5301.0790
5301.4420
5302.0450
5302.5720
5304.0050
5304.5680
5305.9000
5308.0640
5310.0180
5311.5180
5311.6860
5313.7490
5315.2050
5316.7570
5320.8750
5321.9230
5322.5790
5324.2560
5324.2960
5325.5110
5325.8170
5326.9850
5328.7970
5328.8850
5330.7540
5334.5790
5336.3130
5338.0260
5338.7670
5339.7420
5342.9920
5345.7610
5346.8180
5347.5560
5348.1290
5350.4670
5350.5010
5351.5000
5351.6140
5351.7660
5355.8480
5356.8620
5357.0670
5358.0630
5358.6760
5359.8080
5364.7340
5365.5440
5366.2050
5368.0000
5368.5300
5369.8660
5369.9090
5371.6890
5372.2270
5372.4100
5372.8450
5374.9360
5375.4860
5375.7080
5376.9970
5377.2560
5378.6520
5378.7780
5379.6080
5380.1800
5381.9670
5382.2030
5382.3630
5383.1390
5383.3760
5383.4690
5383.5170
5383.6160
5384.4270
5385.7160
5385.7640
5387.0150
5391.3460
5391.7760
5392.5900
5392.9600
5393.4060
5394.3350
5395.6410
5395.9750
5397.0420
5398.4110
5400.3400
5401.0330
5402.4080
5402.9240
5403.3940
5404.6890
5405.0990
5407.4780
5407.8850
5408.3730
5408.5860
5409.3260
5411.7380
5413.2910
5416.2640
5417.5390
5419.1130
5419.2290
5419.5470
5419.6030
5420.0020
5423.4980
5423.8540
5424.8650
5427.8720
5428.1880
5430.3750
5431.4370
5431.7460
5432.8580
5440.1350
5443.5040
5444.5970
5445.4440
5445.8200
5445.9800
5447.3800
5448.5650
5452.1570
5452.2200
5453.9090
5456.2320
5457.1050
5458.2890
5460.3810
5460.6480
5460.7690
5461.0850
5462.0950
5462.4090
5462.8040
5465.7420
5467.1960
5471.2670
5472.7080
5473.0760
5475.9890
5477.2270
5477.8100
5478.2900
5479.0190
5479.3710
5479.9070
5481.4090
5481.7850
5482.4030
5482.6200
5482.7270
5484.1220
5488.5270
5488.7650
5492.7450
5494.4780
5496.1180
5496.1810
5496.8260
5497.9540
5499.2710
5500.3320
5500.4990
5502.2130
5503.0230
5503.3440
5503.7140
5504.6980
5505.6590
5507.0060
5507.7500
5511.4920
5511.6520
5513.0270
5514.8250
5514.9250
5515.3610
5516.6480
5518.6920
5520.6770
5520.8630
5521.3410
5522.5610
5523.2940
5523.7240
5524.1790
5524.2350
5524.4600
5526.9680
5527.5940
5529.3540
5529.5180
5529.8360
5532.2340
5532.5950
5532.8010
5532.8390
5532.9220
5534.6280
5536.2560
5538.0650
5538.9010
5538.9530
5539.9090
5540.2650
5544.4350
5545.3250
5545.9560
5546.0820
5546.3940
5547.2910
5548.5100
5550.9770
5551.0190
5551.2200
5552.9660
5554.2620
5555.2280
5557.9330
5559.4250
5561.4210
5561.5160
5565.2110
5565.3450
5565.7170
5566.8660
5567.2220
5567.3460
5567.5070
5568.3720
5569.0990
5570.0350
5572.2100
5573.6270
5574.6220
5575.1400
5575.4650
5576.2090
5577.4980
5578.0540
5578.5790
5579.0060
5579.0790
5579.4160
5579.9250
5580.4290
5582.3550
5582.7740
5583.1450
5583.2170
5583.5900
5584.0430
5584.0940
5584.5490
5584.5990
5585.7210
5585.7960
5586.1730
5588.4740
5588.7110
5592.6550
5593.2660
5593.4360
5595.3200
5595.6720
5595.9460
5597.8390
5598.2700
5598.9190
5602.8270
5603.2850
5604.4490
5604.6110
5605.5290
5607.4760
5607.9830
5608.2380
5608.7710
5609.0140
5610.2980
5610.4090
5610.8530
5612.4490
5613.9880
5614.4130
5614.8220
5616.3030
5618.1340
5618.5890
5620.0660
5622.3370
5623.0750
5624.1090
5626.1710
5626.5570
5626.6740
5628.9980
5629.3570
5629.9360
5630.0070
5630.5500
5632.3770
5633.2520
5633.7610
5634.0200
5635.8930
5635.9550
5638.3420
5639.7310
5641.8720
5642.8870
5643.4940
5644.1560
5645.1400
5645.4940
5646.9240
5647.5060
5648.3130
5650.9560
5652.1870
5653.5710
5655.3400
5655.6290
5655.9640
5656.3720
5656.9710
5657.1780
5658.3570
5659.0810
5659.3100
5659.8340
5660.6390
5660.7820
5661.2810
5663.6270
5664.6480
5665.7940
5665.9030
5667.3650
5670.3080
5670.5270
5671.0090
5674.6080
5675.8280
5677.9610
5678.0390
5678.8060
5678.8680
5678.9080
5679.6300
5679.9820
5680.2600
5681.8200
5681.9500
5682.3170
5684.0240
5684.7480
5686.7890
5687.4260
5687.4810
5688.0370
5689.6780
5689.9240
5691.6430
5691.7410
5692.9220
5693.7540
5694.9140
5695.3910
5695.4780
5696.4220
5696.7610
5697.6670
5697.8480
5700.8360
5701.4570
5702.9550
5703.8430
5704.4340
5704.6610
5704.7330
5705.5830
5705.6390
5706.2180
5706.9130
5707.1040
5707.2360
5708.2690
5708.5770
5708.8820
5709.2410
5709.8060
5710.8230
5711.0770
5711.6460
5711.6860
5712.7290
5715.6370
5715.7950
5716.8140
5717.2840
5718.4620
5718.8660
5723.1640
5723.2650
5723.8250
5723.9380
5725.1260
5725.2350
5725.9790
5727.9000
5730.5230
5731.2070
5731.6100
5731.8150
5732.4870
5733.0730
5733.4590
5733.6960
5733.9080
5734.3200
5734.7760
5735.9470
5737.6620
5737.9840
5738.4670
5738.8640
5738.9270
5739.9320
5740.1940
5741.3140
5742.5490
5742.9140
5744.3610
5744.4090
5745.0320
5746.7050
5749.7000
5751.9600
5752.1010
5752.1500
5753.3320
5756.5410
5756.7550
5757.2020
5758.4690
5758.9110
5759.7410
5759.9550
5760.1050
5760.2150
5761.8060
5762.0340
5762.8640
5763.4570
5763.5350
5763.7270
5764.4470
5765.1950
5765.2610
5766.7710
5766.9790
5767.9570
5768.9680
5769.0520
5769.2960
5770.7410
5771.3160
5772.6550
5773.5880
5774.6210
5775.7180
5777.2800
5778.1650
5778.4770
5778.8920
5779.3300
5780.0530
5780.4720
5781.3100
5782.1930
5783.5490
5783.7700
5783.9960
5784.2940
5784.4100
5785.6580
5785.7240
5785.8930
5786.6320
5786.7020
5786.9900
5788.6200
5788.8530
5789.1970
5790.3090
5791.2530
5791.6820
5793.2450
5793.3550
5793.4650
5793.6180
5795.3930
5795.9470
5797.6220
5798.1280
5798.6790
5799.2900
5800.1370
5800.9600
5801.2090
5802.2040
5802.3860
5803.1000
5803.7140
5804.5580
5806.8040
5807.2490
5810.2270
5810.2730
5810.4290
5810.9220
5811.1770
5813.3160
5815.4330
5816.0300
5816.5300
5817.2750
5817.9040
5818.3840
5819.2640
5819.5250
5820.0680
5820.5440
5820.6310
5822.2280
5822.6420
5823.3680
5823.4940
5825.4960
5826.9700
5827.7810
5829.6200
5830.4080
5830.6400
5832.0270
5832.4260
5832.4940
5833.5940
5833.9070
5834.0360
5834.1320
5834.3600
5834.9380
5835.2380
5836.7900
5836.9590
5837.1070
5837.6410
5838.3340
5839.3030
5839.9520
5842.1070
5843.4360
5844.6040
5845.5120
5846.8690
5847.8270
5850.7850
5858.0700
5859.1920
5860.6780
5861.3100
5861.7180
5863.1380
5863.6300
5864.8870
5864.9510
5865.0320
5865.3410
5865.9370
5867.2080
5867.8860
5870.4170
5870.8280
5871.3640
5872.5560
5872.8590
5876.1120
5876.3920
5877.0400
5877.7710
5878.8270
5879.7000
5886.0280
5886.2760
5888.5710
5889.2580
5889.7650
5890.2830
5890.7840
5892.1660
5892.4200
5892.9930
5894.2540
5895.2940
5896.7840
5896.9460
5897.9510
5898.2930
5899.0170
5900.4090
5901.2380
5901.8600
5902.7400
5903.0910
5903.5370
5904.7370
5906.7590
5906.9680
5907.6120
5909.3900
5910.3170
5910.8160
5911.8740
5911.9950
5912.6990
5913.1890
5913.6240
5916.2470
5917.0250
5920.8930
5921.3080
5922.8320
5925.2960
5925.3740
5926.9580
5927.0970
5929.5230
5930.2910
5930.9610
5931.3100
5931.3960
5934.0710
5934.5260
5935.2600
5935.4620
5935.6340
5936.4880
5937.1540
5938.3750
5939.0180
5941.6370
5942.3110
5943.6950
5944.4160
5949.3200
5950.2150
5951.3110
5953.0590
5953.3010
5953.8530
5955.3000
5956.0210
5956.2800
5956.3220
5956.5490
5956.8060
5957.2680
5958.1360
5958.5100
5960.6230
5961.5960
5962.9050
5965.5930
5968.1680
5968.4480
5968.8030
5970.4260
5970.7110
5971.1040
5971.3980
5972.7340
5973.1550
5974.4100
5975.2640
5977.9770
5980.3470
5981.0750
5981.5950
5981.8150
5983.7710
5984.2160
5984.3550
5984.5280
5984.6530
5985.4200
5987.2310
5987.7590
5988.0820
5989.9160
5990.2540
5991.6400
5991.7170
5991.9860
5994.6370
5995.4080
5998.9720
5999.6220
6000.8940
6001.0710
6001.8400
6002.7310
6003.4960
6005.2390
6005.4030
6006.2840
6006.4760
6006.8970
6007.3400
6008.0220
6008.5580
6010.3740
6011.8100
6012.1370
6012.5300
6012.9370
6014.9260
6015.2410
6015.7190
6016.5840
6017.6380
6018.4110
6019.0450
6019.2310
6019.7940
6020.8590
6021.2120
6022.3830
6022.6880
6023.0400
6023.8570
6026.3910
6027.2410
6029.2420
6029.7930
6030.2970
6032.6620
6032.8660
6033.2760
6033.6120
6035.2260
6035.3470
6036.2610
6036.9170
6037.2210
6037.9820
6041.2910
6041.6090
6041.7960
6043.4120
6046.6910
6047.5290
6048.1340
6050.0170
6052.1610
6052.3520
6052.7760
6053.1360
6053.4160
6054.9040
6058.4870
6058.6350
6058.7590
6059.2130
6061.3960
6061.5920
6061.8590
6062.1680
6063.8000
6063.9880
6067.4170
6067.5010
6067.6890
6068.4550
6068.9020
6071.8660
6074.3860
6077.8680
6078.9740
6079.7970
6082.0660
6082.9920
6083.2980
6086.5430
6086.8960
6087.4430
6089.0230
6089.0500
6089.2280
6089.7940
6090.7530
6090.8760
6092.9700
6101.4090
6101.5900
6102.8430
6103.1700
6103.4690
6106.3450
6106.8800
6109.4330
6110.6650
6111.6950
6112.0000
6112.3780
6113.6680
6113.7990
6115.3200
6115.9670
6117.8580
6122.3410
6123.1320
6126.7230
6127.5000
6128.9170
6129.2920
6129.4700
6131.4200
6131.8990
6133.5190
6133.6730
6134.3170
6136.6900
6137.4190
6137.7940
6140.2450
6140.4840
6149.6320
6151.7830
6153.9660
6155.3750
6156.0750
6158.9610
6161.0960
6163.6760
6166.2220
6167.5290
6169.3090
6170.0490
6170.1900
6170.6750
6171.2010
6171.7060
6171.9360
6173.5670
6173.6300
6174.3220
6174.6090
6176.0250
6176.0900
6176.2690
6177.1040
6178.1800
6182.5240
6183.4050
6184.8270
6185.5530
6187.8540
6192.5410
6193.9420
6194.0450
6196.3390
6196.9510
6198.2420
6199.6960
6200.1150
6203.6910
6204.9130
6205.0880
6210.1580
6210.9460
6212.9340
6216.0630
6217.0950
6221.4060
6222.0120
6223.3000
6223.8720
6224.1790
6225.0280
6225.7110
6225.9820
6228.8620
6229.6990
6231.8030
6233.3700
6234.0260
6235.9170
6236.0300
6239.9220
6241.1730
6242.0430
6253.5310
6262.9660
6270.4060
6272.2980
6293.7540
6295.0690
6300.2760
6361.0480
6374.2130
6391.5570
6394.5300
6397.1940
6398.9260
6406.2300
6411.6310
6413.3670
6424.0040
6429.2850
6430.4700
6432.7160
6441.1300
6443.1280
6443.7390
6444.3380
6447.5930
6450.3600
6450.9430
6451.6900
6451.7280
6452.9850
6460.7460
6463.4430
6463.7170
6466.7710
6468.8260
6469.2910
6471.1620
6471.8430
6476.9990
6479.7670
6481.7470
6483.0360
6483.5210
6484.3020
6488.4370
6488.8300
6489.0560
6490.0330
6490.1340
6498.6020
6500.5910
6501.5260
6505.2370
6505.4200
6513.2150
6517.7600
6519.4660
6520.1110
6520.7480
6521.3080
6522.7850
6523.1510
6523.7930
6526.2530
6527.8810
6528.6220
6528.8430
6528.9110
6537.0710
6537.2800
6541.3880
6544.5870
6544.7940
6545.9350
6546.2950
6547.5420
6547.9020
6551.6920
6552.5730
6553.6280
6553.8850
6554.5690
6555.0600
6555.8250
6556.8220
6557.7070
6558.6770
6559.2760
6560.7480
6565.9780
6567.4660
6568.0290
6571.1820
6572.4610
6575.6340
6576.5610
6576.7890
6576.9020
6577.0890
6580.6140
6581.3360
6582.4580
6584.0520
6584.5970
6587.0310
6588.7210
6589.6620
6590.5070
6590.7310
6591.8780
6593.9050
6603.2150
6605.8170
6609.1510
6609.7940
6611.0670
6618.5800
6620.6920
6620.8780
6621.0950
6622.3600
6622.9120
6623.2360
6623.6060
6627.1260
6627.8550
6630.8770
6632.0140
6632.8600
6633.7070
6635.2470
6635.4710
6638.9070
6639.0730
6642.9090
6647.8990
6649.6290
6651.3770
6652.3190
6655.1970
6658.4820
6658.6570
6658.8530
6658.9070
6659.5360
6659.8340
6663.0410
6664.3830
6668.5980
6669.0190
6670.2250
6672.2230
6674.5100
6685.2300
6687.7750
6689.3930
6690.2490
6693.0470
6693.0940
6693.8700
6696.0830
6697.2760
6698.8480
6699.5640
6702.1800
6702.2990
6703.3700
6712.0400
6726.1090
6727.7920
6728.6460
6729.7010
6729.8300
6730.0250
6734.0140
6735.0050
6738.6650
6739.4630
6739.5880
6740.0350
6741.4690
6741.5240
6742.5370
6743.2250
6744.9770
6750.1530
6753.4960
6756.7930
6758.7190
6760.4770
6763.2390
6764.7080
6767.0790
6767.2460
6769.1310
6769.5950
6770.5100
6770.5880
6771.3690
6772.8710
6773.9500
6774.5860
6774.7880
6775.1080
6775.7960
6778.7620
6782.5050
6784.4720
6784.5750
6784.7290
6785.2660
6785.4070
6787.4500
6787.9200
6790.6370
6791.7180
6792.1770
6794.4770
6799.7440
6800.6010
6801.2970
6803.2220
6807.0890
6808.2010
6808.8610
6809.3500
6809.4190
6809.7270
6810.5050
6813.7360
6814.1560
6814.8720
6815.6810
6816.0960
6818.0150
6820.1830
6821.1820
6822.0090
6822.6520
6825.3610
6825.8230
6826.3480
6826.8870
6827.6420
6828.7980
6831.2160
6832.7360
6834.6060
6835.2780
6837.9190
6839.1670
6839.7560
6840.7590
6841.8710
6842.3720
6843.9450
6844.3500
6844.6340
6844.9120
6845.2560
6847.0730
6847.3050
6848.1200
6849.2680
6851.4000
6851.5180
6851.9720
6852.2780
6853.8430
6855.0130
6859.1070
6859.6920
6860.2850
6861.4520
6864.7650
6866.3040
6866.4560
6867.0740
6873.1010
6875.3190
6875.4960
6876.2360
6878.6410
6880.3810
6881.1810
6885.8230
6886.8360
6887.4050
6887.4800
6888.2510
6889.1510
6889.2440
6889.5400
6889.6510
6890.8380
6892.8460
6893.2710
6895.0450
6895.2750
6896.1480
6896.7460
6898.0210
6898.9550
6900.6360
6900.7240
6903.1000
6904.4230
6905.6590
6906.3880
6910.1760
6912.0780
6913.7100
6916.5310
6916.8010
6917.1840
6918.9600
6919.1580
6919.7940
6921.3200
6921.5640
6924.3210
6924.6220
6935.1890
6942.9810
6943.2960
6944.3500
6944.8150
6945.4200
6948.3150
6951.2270
6953.7770
6957.6590
6957.8450
6960.0190
6967.7610
6970.7500
6971.0520
6975.2210
6979.9320
6981.0670
6981.1840
6983.9650
6984.2590
6984.6600
6984.9390
6985.4140
6986.7260
7001.5210
7002.6630
7004.3230
7004.5860
7006.0710
7006.8290
7010.3570
7013.1840
7015.6950
7016.0290
7016.5820
7016.6320
7017.6260
7018.9700
7019.1890
7020.2680
7021.9310
7032.6390
7043.0550
7045.7060
7046.1390
7048.7980
7049.6700
7051.1500
7054.0690
7054.1330
7055.8610
7056.4230
7064.9540
7065.7500
7065.8280
7067.0720
7076.7340
7076.8340
7077.6630
7077.8390
7080.6570
7080.9900
7081.9770
7084.0480
7084.8200
7084.8820
7086.1720
7086.2570
7090.5960
7092.0150
7092.0800
7093.2760
7100.9090
7101.3270
7103.5700
7104.9470
7105.5600
7109.2510
7110.0540
7111.1000
7114.4230
7116.9690
7122.1100
7123.6110
7125.1870
7127.4540
7127.6330
7128.2380
7129.9270
7130.8660
7131.3410
7131.5730
7132.0290
7132.6320
7132.8030
7133.2480
7133.7910
7134.9750
7136.1490
7136.6590
7140.1270
7140.1810
7142.1750
7143.1670
7143.5900
7144.1910
7145.1890
7149.8580
7154.0150
7154.2950
7157.8130
7158.3020
7158.6780
7163.4910
7164.1330
7164.8510
7166.8660
7167.0040
7170.2180
7171.2560
7172.7680
7174.0690
7178.8440
7180.8640
7181.2480
7186.6720
7189.1900
7190.5560
7191.5820
7191.7900
7193.0420
7193.7060
7194.7630
7194.9270
7195.0890
7196.0130
7196.6200
7198.2060
7198.3600
7198.6220
7198.9180
7200.0260
7202.3320
7202.6660
7203.9490
7207.1760
7207.4050
7209.4610
7212.2650
7212.5400
7213.0590
7213.9870
7214.6240
7216.2550
7220.2480
7221.0620
7221.8750
7222.2800
7224.0060
7226.9010
7228.3030
7229.8620
7230.2760
7230.9210
7232.8580
7234.3470
7255.7540
7256.4530
7258.6870
7261.4900
7263.3970
7263.8890
7264.2890
7265.2820
7265.7090
7265.7660
7266.9430
7268.8640
7269.4110
7272.2020
7275.7280
7279.3000
7281.9540
7288.1480
7288.3710
7289.7410
7292.9730
7293.9060
7294.0630
7294.4850
7296.0530
7299.3680
7300.3480
7300.8300
7301.1710
7303.6700
7306.6790
7309.4380
7311.0910
7311.4880
7313.1210
7314.2870
7315.3700
7316.1170
7317.5420
7322.8000
7324.0200
7326.0010
7326.3630
7327.1360
7328.0950
7330.4160
7331.4220
7331.6370
7333.2700
7335.1910
7335.4320
7335.7990
7337.9500
7339.5870
7341.0950
7343.5960
7343.7420
7343.8310
7343.9720
7344.4290
7345.5710
7345.7600
7346.6150
7346.8240
7348.1430
7349.4250
7349.7690
7351.1360
7351.5460
7353.3300
7358.8380
7359.4170
7359.9890
7361.1910
7363.7120
7364.0780
7365.0490
7367.6640
7371.9400
7372.0950
7372.5560
7372.9340
7373.9770
7374.5840
7377.0480
7378.7320
7379.1540
7379.4010
7381.2100
7381.5520
7381.6850
7389.4970
7390.3830
7394.1610
7394.3300
7394.6940
7396.5270
7397.2840
7398.0970
7399.0210
7402.1390
7402.3170
7403.5330
7404.7130
7405.3430
7405.8140
7406.3760
7406.7070
7407.4010
7408.2590
7408.4680
7410.3920
7412.3210
7413.3270
7414.5600
7417.4110
7417.6610
7418.0980
7418.5460
7418.6170
7420.6160
7421.5210
7422.9020
7426.0770
7427.5490
7428.6960
7429.6830
7430.2970
7432.3180
7433.0750
7434.4040
7444.9590
7445.2200
7445.4010
7445.8380
7448.2480
7449.9370
7454.0420
7454.3520
7456.0240
7456.0920
7456.2530
7459.5330
7459.9730
7460.7100
7461.1360
7462.1920
7463.7810
7464.0840
7464.2700
7470.4560
7473.4100
7475.7590
7482.5900
7485.7930
7489.4350
7492.7660
7495.6100
7496.0320
7496.4650
7498.8420
7499.3830
7499.6300
7500.1420
7504.9410
7509.9470
7512.1220
7512.7910
7514.3620
7514.6320
7521.9480
7523.3580
7523.6950
7525.4820
7526.5400
7527.8920
7528.0720
7528.1560
7530.7470
7531.7800
7532.8320
7533.6830
7536.0010
7539.4080
7547.5100
7550.0100
7551.2700
7552.3040
7555.8570
7557.0160
7557.5310
7557.6120
7558.8600
7559.2240
7560.4130
7561.8350
7562.1710
7562.6780
7564.2930
7567.4310
7568.1350
7571.1280
7572.3470
7572.5890
7572.8460
7573.7370
7574.1640
7574.3360
7574.5380
7575.1340
7575.4220
7575.8540
7576.5770
7576.8610
7577.6520
7577.7860
7577.9630
7578.6840
7580.9630
7582.0580
7583.0980
7584.1650
7588.2410
7588.5250
7589.6500
7590.0830
7591.8950
7592.6190
7593.7060
7594.5340
7594.7600
7597.1490
7598.4780
7599.0810
7599.7230
7599.8400
7599.9700
7602.3750
7603.0330
7603.2510
7603.6320
7606.6110
7607.9330
7608.2610
7608.6170
7608.9040
7611.2740
7611.4410
7612.7280
7615.2980
7616.0270
7617.1300
7617.4030
7617.9390
7619.1860
7621.4530
7621.6840
7622.9050
7623.7400
7624.6120
7628.4830
7628.5570
7628.8790
7628.9940
7630.1470
7631.4440
7633.8470
7639.4150
7641.6460
7642.2280
7643.1560
7643.5120
7644.5550
7645.5330
7645.7150
7651.0000
7653.1390
7654.3310
7654.6030
7655.7410
7656.2400
7658.9870
7664.6050
7666.7000
7668.3970
7668.5320
7670.8500
7671.8140
7672.9780
7678.0060
7680.2750
7680.6340
7682.1130
7684.4120
7684.7440
7687.7890
7689.8910
7690.6490
7691.9860
7694.0250
7697.8050
7698.0550
7699.1210
7699.7850
7702.6870
7705.7190
7708.4070
7709.5360
7710.0220
7714.4340
7717.7450
7720.9250
7728.4330
7730.3140
7732.7940
7734.1580
7734.2640
7735.5960
7736.2060
7740.5880
7748.1820
7749.2460
7749.4390
7750.3230
7752.3620
7754.6070
7756.3210
7758.3520
7760.1400
7760.2970
7760.9060
7762.0170
7762.7100
7763.9870
7764.7840
7766.0990
7766.5370
7767.2930
7768.1160
7773.5300
7774.9040
7778.9370
7779.1770
7781.4570
7782.1870
7782.3040
7782.4790
7784.4350
7784.6960
7786.3010
7789.3500
7791.3540
7798.4670
7798.6560
7799.3770
7799.6200
7800.3610
7801.2700
7802.9790
7804.5640
7805.2850
7805.7400
7805.9270
7806.2740
7807.3810
7808.9130
7810.3550
7810.6450
7813.1990
7814.0660
7815.7000
7816.6090
7817.3230
7817.5900
7818.4790
7819.1560
7824.0460
7826.0720
7828.4760
7830.5310
7831.9890
7832.3680
7833.8560
7834.1920
7834.9430
7835.0210
7835.7140
7836.6240
7837.8950
7838.7770
7840.3210
7840.4110
7843.2160
7846.8790
7847.9000
7850.4320
7856.8770
7858.5770
7858.8170
7859.4720
7860.8100
7861.2590
7864.4260
7867.6200
7867.9340
7869.7310
7870.9530
7871.1320
7871.4860
7871.8030
7873.1580
7873.3200
7874.4750
7874.5520
7875.2350
7877.5600
7877.6410
7878.5760
7883.6270
7884.1130
7884.2900
7884.9960
7889.7830
7890.7750
7891.1020
7891.5340
7892.5060
7892.7750
7894.6730
7897.2800
7897.6770
7898.2050
7898.6740
7899.2660
7899.9560
7900.6180
7901.2760
7901.7320
7902.6080
7903.7090
7905.0500
7905.7710
7906.1660
7906.4680
7907.3770
7907.7040
7908.9300
7909.2790
7910.0630
7910.1580
7911.8490
7913.1660
7913.3950
7913.6830
7920.5550
7920.7570
7920.9940
7921.5870
7924.3060
7924.8110
7925.6210
7926.1400
7928.7690
7928.8780
7929.1250
7930.0580
7931.0100
7931.0900
7931.8170
7936.5660
7940.5760
7946.2110
7954.6770
7958.1380
7958.8590
7958.9320
7959.2620
7959.4620
7960.1670
7960.9460
7961.5840
7962.0620
7962.1670
7962.5420
7963.2370
7964.1250
7964.3730
7964.6210
7965.3370
7966.1540
7966.7600
7967.8990
7969.4110
7972.6510
7974.9880
7976.0020
7976.1230
7976.8600
7977.2150
7977.2920
7977.6890
7978.5360
7979.0880
7979.3760
7979.8240
7980.6960
7980.8090
7981.2830
7982.0420
7984.8780
7985.5220
7987.3040
7990.5660
7991.3860
7992.8270
7993.5110
7995.2470
7997.7230
7998.0550
7998.2040
7999.7390
8000.8060
8002.9910
8003.7620
8005.1600
8005.2580
8013.6840
8015.1720
8015.6880
8021.6100
8022.7160
8027.4750
8033.0350
8033.8400
8036.6060
8036.8710
8037.0090
8037.9220
8040.1530
8042.0530
8042.3750
8047.8680
8048.4660
8048.9910
8049.1960
8049.6060
8050.3000
8051.3560
8053.0410
8054.6390
8057.8460
8058.3870
8058.8190
8059.2080
8060.6690
8067.6960
8067.8870
8068.0760
8069.6300
8069.7700
8072.4430
8072.5740
8075.4500
8076.2580
8078.1060
8079.5390
8080.0990
8080.2290
8080.4840
8081.7730
8082.8430
8086.0340
8087.0590
8089.0040
8097.0400
8097.5170
8099.8610
8099.9780
8100.7480
8100.9310
8101.3150
8101.9490
8103.2470
8104.1120
8107.8470
8109.6850
8111.8440
8115.9700
8120.4680
8124.6750
8128.4760
8128.8370
8130.2890
8132.1650
8133.7160
8134.0260
8139.4720
8142.1190
8144.1410
8145.9350
8148.3840
8149.7530
8150.0080
8154.5400
8155.9800
8159.8160
8160.7050
8161.2270
8161.9420
8162.3970
8163.2020
8163.4370
8164.5880
8167.1660
8168.1800
8170.0240
8171.8000
8172.0750
8174.5200
8175.7950
8176.0980
8176.5720
8176.9050
8178.1120
8180.3790
8185.7710
8185.9310
8188.5580
8189.0580
8189.7290
8190.3970
8190.4910
8190.8040
8192.4760
8193.7330
8195.1150
8196.5900
8198.4510
8199.1230
8201.2350
8201.9680
8203.6530
8207.6240
8208.0930
8211.3530
8212.5410
8212.9710
8213.5720
8214.5200
8215.8590
8217.4190
8219.1160
8219.2760
8219.5230
8221.3680
8221.7090
8225.3820
8229.6180
8231.2960
8233.1010
8234.2110
8234.6530
8234.9290
8237.2960
8238.0280
8239.6180
8240.9920
8241.8880
8242.8020
8243.2660
8245.3860
8247.5260
8248.9450
8249.6540
8253.5060
8253.7200
8254.3870
8259.9740
8263.3920
8264.3290
8270.2850
8272.3390
8272.9170
8273.4850
8273.9580
8275.1960
8275.7850
8276.6860
8277.7620
8278.2500
8279.0210
8280.1330
8281.6190
8282.3620
8283.2670
8283.3920
8284.9430
8285.6570
8286.8610
8287.3990
8291.3900
8291.7900
8293.3470
8293.5570
8296.6560
8304.4920
8305.8640
8306.4500
8306.8810
8310.6770
8312.0720
8312.7310
8312.9810
8313.6420
8317.2170
8318.6940
8320.6390
8320.8590
8322.3370
8325.3250
8327.7320
8329.9740
8331.9010
8332.0420
8333.6480
8335.3710
8335.8550
8337.0960
8337.9910
8339.7920
8341.6240
8341.8430
8341.9650
8342.2840
8342.4980
8343.4650
8343.5530
8343.6200
8346.5450
8346.7190
8349.0520
8350.2300
8350.5430
8350.8990
8351.1500
8352.9440
8354.1540
8355.2950
8355.6880
8356.5430
8357.7600
8358.0060
8359.4800
8359.7640
8359.7640
8360.7930
8361.4880
8363.1720
8363.5520
8364.0870
8365.5640
8366.5930
8369.5190
8371.1370
8372.8210
8373.9340
8375.7670
8382.7840
8383.5140
8384.1750
8386.4690
8386.6000
8387.7010
8388.0500
8389.5070
8389.8730
8390.3930
8391.4750
8393.7120
8394.8140
8395.1160
8395.6300
8396.5670
8397.2400
8397.8960
8399.0740
8399.5000
8401.5530
8402.4810
8403.9520
8405.7130
8407.0970
8408.1120
8408.3710
8409.7330
8411.2540
8411.8200
8415.6390
8418.9840
8419.1010
8422.2420
8423.4920
8424.1680
8425.2700
8426.1100
8426.5000
8427.1080
8427.4180
8428.3430
8429.0630
8430.7800
8430.9070
8432.9840
8436.1970
8436.3060
8436.8140
8436.9620
8437.6410
8437.8720
8443.5250
8445.5210
8447.7040
8450.0890
8452.3540
8453.4100
8453.7090
8455.6420
8458.0030
8458.1690
8458.3910
8459.7190
8460.4440
8461.4330
8462.0310
8465.2660
8467.4850
8467.8930
8468.1000
8468.4480
8468.6310
8468.8360
8470.7620
8472.5610
8473.2180
8473.6430
8474.5220
8474.8430
8475.1390
8476.5580
8476.7250
8476.9200
8484.2710
8484.9370
8485.4200
8485.7180
8488.2640
8493.9720
8498.4290
8500.5200
8500.5920
8502.4330
8503.4090
8503.8070
8503.9370
8506.8880
8509.9910
8510.8550
8512.7400
8514.6280
8515.0180
8515.5990
8516.2220
8520.1550
8522.1770
8522.5930
8523.2420
8523.5850
8524.2540
8524.3610
8525.2720
8527.6240
8527.7780
8528.7040
8531.6740
8533.4520
8534.9620
8536.9200
8541.1400
8542.5320
8543.4050
8543.5880
8543.7450
8543.8330
8544.0510
8544.6790
8547.7180
8547.8910
8548.9440
8549.4290
8549.8620
8551.0130
8551.5430
8552.8390
8553.2290
8553.6560
8553.8240
8556.3630
8558.0440
8559.6820
8560.9700
8561.5530
8562.3650
8562.4750
8565.1340
8567.5010
8569.2950
8570.0730
8572.8720
8576.9610
8578.9800
8580.9020
8581.4090
8582.7940
8586.6990
8586.9570
8588.3150
8589.0800
8590.0210
8590.5490
8591.7990
8597.3460
8599.9840
8601.3980
8602.3200
8602.9890
8603.8570
8604.4640
8606.6270
8607.3450
8608.5690
8610.3150
8612.0300
8612.2960
8615.0050
8615.1430
8615.3490
8615.5300
8617.9560
8618.5860
8619.5350
8619.8720
8620.8280
8621.3470
8623.3650
8623.8040
8624.3600
8626.1770
8627.0400
8627.1790
8627.7420
8628.3430
8628.6970
8631.1230
8633.5460
8634.3250
8639.8650
8640.0510
8643.5000
8644.2210
8644.5320
8646.1500
8647.0500
8647.2020
8647.8810
8648.2930
8648.7770
8650.5440
8651.8960
8652.4460
8653.4780
8653.5710
8655.1810
8660.5090
8661.9370
8664.5330
8665.5390
8666.4070
8667.5220
8669.6270
8672.7630
8673.8750
8673.9980
8674.3470
8674.9730
8675.5500
8677.8180
8679.1460
8685.6150
8685.7270
8686.9420
8687.0710
8687.4860
8689.7890
8691.2250
8692.3650
8692.5740
8692.7250
8692.8840
8693.6700
8695.4100
8695.7820
8697.1300
8697.3400
8698.2980
8698.4170
8699.7030
8701.3520
8702.7810
8703.8080
8704.4830
8707.5210
8709.5640
8710.0440
8710.3180
8711.2940
8712.3870
8713.1570
8714.6100
8715.5840
8718.0210
8718.6270
8719.8100
8720.4560
8721.0060
8722.8720
8723.1160
8728.0980
8729.5450
8731.1280
8732.5210
8734.2610
8734.5520
8737.4610
8738.4130
8738.5330
8738.7260
8739.7890
8739.8990
8740.1300
8741.2070
8743.0360
8743.3010
8745.4050
8746.2400
8747.3280
8747.5590
8747.7490
8750.2000
8751.2590
8753.6570
8754.2120
8756.0910
8757.1610
8757.3420
8758.1040
8760.1660
8761.6410
8761.8470
8762.3340
8763.7370
8766.6120
8767.0040
8767.9700
8768.6310
8771.0440
8771.6430
8773.6950
8777.5680
8778.8170
8779.4970
8780.1050
8789.1170
8789.7520
8789.8300
8792.9260
8794.3640
8794.7580
8796.6770
8797.5040
8800.1470
8800.7570
8801.2070
8802.0910
8802.9300
8804.9050
8805.5030
8805.6010
8810.8660
8811.2320
8811.8640
8812.1180
8812.4220
8813.6520
8814.4430
8815.3850
8815.8830
8816.4440
8816.8370
8817.0490
8817.7230
8818.9890
8819.4570
8823.7810
8826.3630
8826.6770
8827.0110
8828.7230
8829.1640
8830.4320
8830.9290
8831.0810
8831.7130
8831.8810
8832.1590
8832.3770
8833.6450
8836.1790
8837.1500
8837.4920
8839.6490
8840.6820
8841.4770
8841.6240
8842.3340
8842.9930
8845.7240
8846.9330
8847.3580
8848.6100
8849.2510
8850.1830
8850.8800
8852.1070
8852.6320
8854.7250
8858.6670
8858.9390
8861.6760
8861.8020
8863.0180
8863.8440
8864.4010
8865.7830
8870.1980
8870.4960
8870.9490
8872.0540
8874.6310
8875.2720
8875.9350
8878.4630
8879.2320
8879.3640
8883.2650
8883.3770
8887.7010
8888.0170
8889.7110
8890.2040
8890.5640
8890.8960
8893.2370
8893.4020
8894.0370
8895.5970
8896.6020
8899.3180
8902.2890
8902.7670
8903.8170
8904.1840
8905.8490
8906.3780
8907.5410
8910.6080
8910.7480
8911.9720
8912.2620
8914.1660
8914.3730
8916.1580
8917.8240
8918.1250
8918.9220
8927.2650
8928.0580
8928.6640
8928.9750
8929.0700
8930.0210
8931.2600
8931.8300
8932.0990
8933.6650
8934.3300
8935.4730
8936.8000
8937.3400
8937.5120
8938.5480
8939.4940
8940.2180
8940.7810
8941.1670
8941.2950
8942.2280
8943.6440
8944.0960
8944.3070
8944.4780
8944.8360
8945.8300
8947.6470
8948.8420
8949.3260
8949.4410
8949.9470
8954.4120
8955.4210
8957.1740
8957.7730
8962.7330
8963.3520
8965.3810
8967.8660
8969.5400
8970.8300
8973.0960
8977.3920
8977.9600
8978.2060
8978.3820
8978.9480
8983.6310
8984.2790
8985.7840
8987.9980
8988.0920
8989.3740
8990.6550
8992.3870
8994.3980
8996.2840
8996.7030
8996.8080
8997.3020
8997.9190
8998.5810
9001.5660
9002.7300
9005.0740
9006.2190
9008.5240
9009.6530
9010.9590
9012.1100
9012.8790
9014.5360
9016.5110
9017.6230
9018.6050
9019.1690
9019.8680
9021.2840
9023.4960
9025.9750
9027.7000
9029.3520
9031.7370
9033.1430
9034.4170
9035.3680
9035.6520
9036.9810
9038.2130
9039.4450
9043.2630
9046.1030
9047.2160
9048.7760
9049.8100
9051.2370
9053.0390
9053.4660
9053.8070
9053.9500
9054.3260
9054.7020
9055.2190
9056.8440
9060.3050
9063.3400
9065.7920
9066.5400
9068.5140
9069.2070
9072.1310
9074.1090
9074.4140
9075.7670
9079.0450
9080.1670
9080.9730
9082.2960
9082.5760
9084.6170
9085.1460
9085.3920
9085.8030
9086.3180
9086.6620
9086.8800
9088.3860
9088.7480
9090.1030
9092.8140
9094.5390
9094.8030
9096.1570
9097.0920
9098.0510
9098.8290
9100.5990
9101.7660
9102.1320
9102.5180
9104.9570
9105.2640
9105.7060
9105.9650
9106.0680
9107.4730
9108.2640
9109.2800
9110.3930
9111.8240
9113.0410
9113.7820
9114.5320
9115.2700
9116.0540
9116.3170
9116.8280
9120.0460
9120.3870
9125.5570
9126.8330
9127.1160
9127.3220
9127.7980
9131.2320
9132.4890
9137.5150
9138.6680
9141.3960
9142.0680
9144.4230
9144.9910
9147.5390
9148.6060
9151.0150
9152.3830
9157.1330
9158.5150
9158.7340
9160.3820
9161.9950
9162.6750
9164.9340
9165.8400
9167.1940
9167.6100
9169.0090
9169.2280
9169.5900
9172.0930
9172.6910
9173.1520
9177.9980
9178.5450
9179.5340
9181.1180
9183.6040
9185.2160
9185.7690
9187.4800
9187.9550
9188.1440
9188.6560
9189.2340
9189.9300
9195.8130
9198.4400
9199.4290
9199.7410
9201.6660
9204.0360
9206.5670
9208.7380
9212.3420
9212.5150
9213.3150
9213.7370
9214.4270
9215.7840
9215.8900
9216.5520
9217.4750
9217.6840
9220.0920
9224.4650
9226.2590
9226.5720
9227.1640
9227.7930
9230.3820
9231.3580
9232.6500
9233.0910
9235.1540
9236.0850
9237.6570
9238.5060
9238.9600
9239.9140
9240.3270
9240.5690
9240.9160
9242.9470
9243.7590
9244.4610
9245.2470
9245.5910
9246.3000
9250.5220
9251.1020
9254.6150
9254.8020
9256.0410
9256.5190
9258.9510
9259.7120
9260.2400
9261.6100
9262.9790
9265.5200
9267.0140
9267.8800
9269.0460
9270.2010
9271.2350
9271.4700
9271.7930
9273.1090
9275.2880
9277.3490
9278.9860
9280.9720
9281.0760
9281.5920
9281.7100
9283.4740
9286.5970
9287.3660
9288.6370
9290.4420
9291.4290
9292.3410
9293.6830
9296.5000
9298.0150
9298.8120
9300.1650
9300.3400
9302.0690
9304.4430
9305.9920
9307.4140
9307.7870
9308.2290
9309.8740
9310.3860
9315.1820
9321.0120
9322.0140
9323.1070
9324.2470
9324.5730
9324.7180
9325.7690
9326.4090
9327.5120
9327.8120
9328.6610
9330.1740
9330.8070
9331.2950
9332.0050
9334.2280
9334.6640
9334.9310
9348.1290
9349.2260
9352.2510
9352.4410
9352.8140
9354.3680
9354.6730
9355.6620
9355.9150
9358.2470
9358.9960
9359.0920
9359.8940
9360.5220
9362.6580
9363.1540
9363.4390
9363.9180
9364.4850
9367.0030
9367.9620
9368.6610
9373.4640
9374.6710
9377.1040
9382.9770
9383.7050
9385.4340
9388.4760
9389.5560
9391.1090
9391.6070
9392.7490
9393.4170
9394.6690
9395.7690
9398.0150
9401.8320
9403.1200
9403.2950
9404.2980
9406.0480
9406.4940
9406.6380
9406.8550
9408.2060
9410.2600
9412.7330
9416.5350
9417.0540
9418.1000
9419.2550
9424.8230
9426.6880
9430.0500
9431.3800
9432.2690
9432.9390
9435.8520
9436.4310
9438.8290
9440.7890
9443.8650
9444.1350
9444.7190
9446.7200
9447.8360
9448.1490
9449.4830
9450.1730
9451.9160
9454.7930
9455.2060
9458.4430
9459.4380
9462.4080
9464.5640
9465.8090
9467.9040
9470.2620
9472.5200
9474.4290
9475.2720
9478.8550
9480.0300
9481.6390
9481.9270
9482.6220
9483.7290
9485.6600
9486.4050
9491.3990
9494.9270
9496.3950
9497.3710
9497.5150
9499.0960
9500.9270
9501.4760
9501.8410
9502.4250
9502.7250
9503.1750
9503.6390
9506.1350
9506.6240
9507.7800
9510.0250
9510.7710
9512.2980
9513.8000
9514.2920
9517.5050
9518.1260
9521.1670
9521.8630
9522.2580
9525.0650
9525.3490
9528.8060
9531.5820
9532.6770
9534.5290
9535.4120
9538.9660
9539.3420
9542.5870
9543.5870
9543.9090
9546.2440
9547.4600
9549.3460
9549.4890
9550.3860
9550.5970
9553.6050
9554.7930
9555.0210
9557.6870
9560.5550
9564.0500
9565.0130
9566.5290
9567.8700
9568.6930
9570.5580
9572.9630
9573.1680
9574.5440
9580.5630
9583.4110
9586.7280
9587.2410
9588.4700
9590.5780
9592.3790
9594.0430
9596.3260
9597.7050
9599.3860
9602.8270
9603.4320
9603.5570
9604.0690
9604.5030
9607.1540
9609.3660
9610.8840
9611.2370
9611.6220
9615.2320
9616.5160
9617.7990
9618.4530
9619.1730
9619.6900
9624.9500
9627.6400
9628.0530
9629.7030
9631.0230
9632.1180
9632.4250
9633.7840
9634.7950
9635.5970
9636.2720
9637.8090
9638.4090
9640.5120
9642.6440
9644.2260
9644.7100
9647.0540
9648.0100
9648.5150
9648.7710
9649.6190
9651.8230
9652.2560
9652.5830
9654.9190
9655.9020
9658.9340
9662.1100
9662.2300
9663.0000
9663.1210
9664.9280
9665.9680
9670.7000
9671.6660
9673.0630
9678.0330
9679.6460
9680.0390
9685.2060
9686.9550
9688.2400
9690.5680
9691.4790
9693.5480
9694.2580
9694.8400
9696.5980
9696.7330
9698.7040
9700.0590
9700.6850
9701.1160
9706.1930
9706.4300
9706.7210
9706.8680
9707.1310
9707.9950
9711.2060
9715.6170
9717.3760
9717.7280
9720.2950
9726.9880
9729.9880
9733.2380
9734.0380
9736.7700
9737.0200
9742.9570
9743.9450
9744.3200
9745.2180
9745.4450
9748.2770
9748.7550
9749.6850
9750.1940
9754.7130
9756.4980
9756.9510
9757.3700
9760.0870
9760.5750
9762.3800
9763.3270
9764.4550
9768.5650
9776.3260
9777.0710
9777.3960
9777.4700
9778.0850
9779.1600
9781.5690
9790.5110
9793.0640
9793.6600
9794.4050
9795.6880
9796.6690
9800.8200
9801.2920
9802.2740
9807.0270
9807.1960
9807.4050
9809.3570
9810.3700
9812.4670
9813.8990
9816.3350
9820.2690
9821.6880
9823.5290
9825.9390
9827.1350
9829.9230
9830.3150
9831.2950
9831.4320
9832.6220
9833.2810
9834.6080
9836.3580
9836.5120
9837.1790
9840.5840
9844.2690
9844.9290
9848.6700
9852.5560
9854.2810
9856.9090
9860.0810
9864.0710
9867.8510
9868.3900
9869.1210
9869.8200
9871.0670
9874.1440
9874.3470
9875.2850
9881.5390
9884.1810
9885.4250
9890.2810
9897.9880
9898.3770
9899.1960
9902.0160
9903.2100
9906.7850
9907.9790
9908.6070
9909.8900
9910.7100
9911.3050
9913.9730
9916.5110
9919.9310
9921.2320
9921.8510
9929.1090
9931.0940
9933.4510
9934.5900
9935.4840
9939.4970
9941.7420
9948.9490
9949.3760
9950.5920
9950.9920
9953.0230
9955.2160
9960.1810
9960.4330
9960.9360
9962.0580
9963.9990
9964.3530
9966.8420
9968.0180
9968.3340
9969.1000
9969.7170
9969.8350
9970.7800
9971.1220
9973.6820
9977.1170
9979.0300
9980.9440
9984.7110
9987.8250
9989.5520
9995.6060
9995.8710
9996.2110
10000.1900
10003.2250
10003.3040
10004.5470
10006.4210
10010.4730
10012.7280
10012.8080
10014.0560
10014.1610
10017.7380
10018.8630
10021.0000
10021.8960
10022.6690
10024.5010
10025.2370
10030.0750
10031.0560
10032.9010
10033.0500
10033.2060
10034.4360
10035.5510
10035.8130
10035.9880
10036.3420
10036.6660
10036.8210
10037.0140
10037.5470
10037.9590
10038.4580
10040.2020
10040.7050
10041.5710
10043.2730
10048.2910
10048.7060
10049.5110
10050.0720
10050.1950
10050.2960
10050.5490
10051.1270
10051.3040
10054.0130
10054.4190
10054.7300
10055.7250
10055.9100
10059.7070
10060.3440
10060.4140
10060.8280
10062.8490
10064.4670
10064.8640
10065.3380
10066.3300
10067.7730
10067.9750
10070.1150
10071.9480
10072.3890
10072.7850
10074.0160
10075.4580
10076.3540
10076.8660
10077.9540
10079.2750
10081.4000
10082.0740
10083.4610
10085.3310
10085.5390
10086.4580
10088.2330
10088.5520
10088.8010
10089.3930
10090.3220
10092.2180
10093.9850
10095.3440
10096.8670
10097.1680
10097.5070
10098.0380
10099.1670
10099.2530
10100.2790
10101.5160
10102.4880
10103.3000
10104.1740
10104.8650
10105.2810
10106.2650
10108.1290
10108.3110
10110.9540
10113.6770
10114.8840
10115.6460
10116.0720
10117.3310
10119.4650
10121.9910
10124.2520
10125.2620
10125.6440
10125.7030
10126.5150
10128.9640
10130.3840
10130.7850
10131.1320
10133.0400
10136.8090
10136.9810
10138.7000
10138.9080
10139.1540
10141.1670
10144.2620
10144.7790
10145.3020
10147.5170
10148.5950
10149.7170
10150.4190
10150.6860
10151.0040
10151.1950
10152.1850
10153.1440
10153.2710
10155.6810
10158.5850
10158.9340
10160.0400
10160.6960
10162.7940
10163.0960
10163.2720
10163.7040
10164.0390
10166.0880
10166.4060
10166.7840
10168.3130
10168.6740
10170.3530
10170.8900
10171.6250
10171.8940
10173.2720
10173.7600
10174.5960
10177.4130
10182.8890
10184.4510
10185.5410
10186.6180
10187.1010
10187.6600
10191.3990
10194.3630
10195.5030
10195.9880
10196.9670
10198.1920
10199.9510
10200.7370
10202.0810
10202.7550
10203.3240
10206.0510
10207.6400
10209.2180
10210.6390
10211.7950
10216.1090
10219.5230
10222.3220
10222.5100
10224.6530
10226.0870
10226.2720
10227.5670
10227.8220
10228.0210
10228.2720
10228.3830
10234.0580
10234.6560
10238.3370
10238.9050
10239.4760
10241.9660
10245.7670
10246.8800
10247.3290
10249.0350
10249.7510
10249.8720
10250.2060
10251.6630
10253.5060
10253.6330
10254.3860
10256.6000
10256.9960
10257.1560
10258.8400
10259.8910
10260.7530
10261.4870
10262.3590
10263.3620
10264.4330
10264.8610
10266.8180
10268.6270
10274.4930
10274.8810
10278.1620
10280.7160
10285.0940
10285.2600
10285.7050
10286.2840
10288.0280
10288.1730
10290.3160
10293.2040
10294.1200
10294.2530
10296.3050
10296.6850
10297.3700
10297.4330
10297.8540
10303.1410
10303.3460
10303.9080
10305.4230
10306.8300
10307.0260
10308.1050
10309.4990
10309.8950
10311.0970
10311.1830
10312.6520
10314.4720
10316.5960
10319.5390
10320.5570
10320.7420
10321.1940
10321.9440
10322.8080
10323.7240
10324.9400
10326.3210
10328.9020
10329.2130
10331.2920
10332.0070
10333.9850
10335.0870
10335.2910
10335.4000
10336.5450
10336.6920
10337.0650
10338.1400
10338.9700
10339.9250
10340.7110
10343.0760
10345.0760
10346.5530
10347.5350
10348.8130
10349.3190
10349.9750
10351.1210
10351.5370
10351.9310
10352.3950
10353.1660
10353.3320
10353.5980
10353.9800
10354.0990
10356.2220
10356.3300
10357.1820
10359.3020
10360.2230
10361.2760
10365.3250
10367.2010
10368.1110
10368.3850
10369.9650
10370.2930
10373.7470
10375.6260
10377.3910
10377.6250
10380.0970
10380.2170
10381.1250
10383.9720
10385.7370
10386.0510
10386.3110
10386.5230
10387.3420
10389.0080
10389.2060
10391.5750
10394.0250
10395.5110
10395.8280
10398.2420
10399.5830
10401.9520
10403.0150
10404.5100
10405.3780
10405.5150
10408.9180
10409.2050
10410.1330
10410.8760
10411.3440
10412.3210
10413.7460
10414.1890
10415.3630
10416.2990
10416.8780
10417.1700
10418.2720
10420.0370
10420.1490
10423.1680
10423.4690
10424.2080
10424.2840
10424.3710
10426.1000
10426.7420
10429.3470
10429.6460
10432.8970
10432.9800
10435.7080
10436.6340
10437.9470
10439.3990
10441.0250
10442.1590
10444.1930
10444.6650
10448.8060
10451.9350
10453.4220
10453.9370
10455.0490
10455.2810
10455.4720
10455.6590
10455.8630
10457.8360
10458.8590
10459.0440
10460.3610
10461.4150
10462.9510
10463.3620
10463.9600
10464.2030
10464.2770
10465.8640
10466.2790
10467.0620
10467.8300
10470.1250
10470.5930
10471.1030
10475.5650
10479.1380
10479.5170
10479.8200
10480.5970
10480.8300
10481.1450
10481.3260
10481.4970
10482.8810
10483.7250
10484.1950
10484.3190
10484.4950
10484.5940
10486.8600
10487.2060
10488.1110
10489.7680
10493.3610
10495.0120
10500.5830
10501.0220
10504.1670
10507.4420
10508.5980
10511.9470
10512.4500
10513.8620
10518.0380
10520.3990
10521.1170
10521.5010
10522.2750
10522.9720
10523.1410
10523.8280
10524.9410
10525.6160
10526.0530
10526.6300
10527.4280
10527.5690
10527.7950
10528.8780
10529.1380
10530.3940
10531.8260
10532.1720
10533.5080
10534.1180
10537.7120
10538.6490
10539.7210
10540.1440
10540.6980
10540.8240
10541.7260
10542.4200
10545.2290
10547.5910
10548.1110
10551.2940
10551.9330
10553.3880
10553.7730
10554.7570
10556.3320
10557.8240
10558.0050
10562.2180
10562.7250
10563.8620
10566.4500
10566.5270
10567.7650
10568.7250
10569.2460
10570.4190
10570.9000
10571.1640
10571.4490
10572.4630
10572.9540
10574.9960
10577.3410
10578.6770
10578.8620
10579.1760
10579.3560
10581.7150
10582.8940
10583.3730
10583.6360
10585.3150
10586.9800
10588.5880
10589.9950
10590.3850
10592.7720
10593.2910
10593.8520
10595.2320
10596.0260
10596.1720
10597.1440
10601.1630
10602.0050
10602.8440
10605.6460
10605.8380
10606.7290
10608.6740
10608.9220
10609.0740
10609.3140
10614.1750
10614.6390
10615.5980
10616.7280
10622.4150
10623.0330
10625.6860
10626.4550
10626.6840
10628.2590
10629.5030
10630.2160
10631.2520
10632.1040
10633.7430
10634.3710
10634.8030
10635.3200
10635.6610
10636.8270
10638.8610
10639.8520
10639.9750
10643.7830
10645.0400
10646.6080
10648.1190
10648.6880
10648.9510
10649.3890
10650.3810
10650.6780
10650.8870
10655.0480
10657.7720
10658.8050
10660.8380
10667.0990
10667.5570
10668.7330
10670.9390
10671.2860
10673.6360
10675.6090
10677.7950
10678.2190
10681.7850
10685.0300
10685.6910
10686.0600
10686.4390
10687.7220
10690.5220
10690.7950
10691.4010
10691.9440
10692.2700
10693.9140
10694.4930
10695.1570
10696.9380
10699.4730
10700.6250
10701.4470
10702.0220
10703.5880
10704.1640
10704.4680
10708.2840
10708.8720
10709.4740
10709.6200
10709.7050
10710.8530
10711.4340
10712.7990
10714.1740
10715.4480
10715.9420
10716.1300
10716.5040
10716.6270
10716.9300
10717.4430
10718.4040
10718.7970
10719.2890
10721.5860
10724.1060
10726.5870
10727.0400
10727.9380
10728.2110
10728.5830
10728.8950
10731.2510
10732.3930
10733.2150
10739.9250
10740.8360
10741.3210
10742.0700
10742.5850
10743.3050
10743.4240
10744.0460
10747.0890
10748.2910
10748.5810
10750.1010
10750.9120
10751.7570
10752.5030
10753.3910
10754.4480
10756.8050
10759.0500
10760.3950
10760.5410
10760.9260
10761.2560
10765.4940
10766.0220
10766.3280
10772.2810
10772.8080
10775.1360
10778.8280
10779.8120
10780.0790
10780.6390
10781.2390
10782.2450
10785.4380
10785.5510
10789.7020
10790.2830
10792.3480
10792.6090
10798.5720
10799.9580
10802.6000
10802.7400
10803.0600
10804.1130
10805.2760
10805.4390
10806.0200
10807.2940
10808.9870
10810.4650
10810.6620
10811.4520
10813.3490
10814.2040
10818.6930
10820.1500
10821.5670
10824.5510
10826.8980
10827.0310
10827.5030
10827.6180
10828.2240
10832.7790
10832.8550
10833.7800
10835.0470
10835.9410
10836.2400
10837.1010
10838.9300
10839.8770
10840.4750
10841.5090
10842.6420
10844.4280
10844.5090
10844.7180
10845.1120
10845.2710
10845.6200
10845.9480
10846.1660
10849.3460
10849.6820
10851.5790
10860.1530
10861.7620
10862.6800
10864.6070
10865.3690
10865.4470
10866.8960
10868.3940
10869.6640
10869.8910
10870.4810
10871.5210
10871.8660
10872.0370
10873.9830
10874.3410
10875.4550
10875.8150
10878.6790
10881.5190
10883.1320
10883.6460
10884.1350
10886.0000
10886.1900
10886.4340
10887.5850
10889.4010
10890.0470
10890.6100
10892.9200
10893.1100
10894.8330
10895.5350
10897.0230
10899.6820
10899.9510
10900.6830
10900.8100
10902.6250
10903.1160
10903.3260
10906.3860
10910.1680
10913.5150
10915.6460
10916.5050
10916.6250
10922.0350
10923.5920
10925.0960
10926.1520
10926.5640
10928.1210
10929.7680
10930.2900
10931.2200
10933.2200
10933.3060
10933.9890
10936.8240
10938.8910
10945.7560
10945.9600
10947.4440
10948.2470
10950.5340
10952.3520
10953.8590
10956.8470
10957.8070
10958.3200
10961.1840
10961.9800
10965.7480
10966.4550
10966.8350
10967.4840
10968.1250
10968.2890
10969.7310
10971.3590
10973.0740
10974.7210
10974.8660
10975.2930
10976.6020
10976.8550
10980.2120
10985.9140
10987.6940
10988.8490
10988.9660
10992.1620
10992.3020
10993.4280
10994.3240
10994.6730
10996.8470
11000.5140
11000.8910
11002.6010
11004.6240
11005.3230
11005.5230
11006.0990
11006.3630
11006.6330
11006.7620
11007.0880
11008.3880
11008.6710
11008.7720
11010.0160
11010.3940
11011.4300
11011.7340
11012.7350
11013.8730
11021.2360
11025.8410
11026.1010
11027.3410
11027.6940
11027.8140
11028.8040
11029.2500
11029.6850
11030.7670
11035.3310
11036.8270
11037.0840
11037.8790
11038.5540
11038.7030
11038.9680
11039.3910
11040.4130
11040.6700
11042.2340
11042.8660
11044.0300
11045.7830
11046.3550
11048.3460
11048.7270
11049.1590
11051.4240
11053.1820
11053.6420
11054.1530
11054.3890
11055.3260
11055.7600
11056.3410
11057.1800
11059.2160
11060.0940
11061.7450
11062.3740
11065.0470
11068.4450
11068.5340
11069.3910
11069.6420
11070.0700
11071.1010
11073.0460
11073.3190
11075.4860
11081.1630
11083.2040
11084.5650
11085.2140
11087.4290
11088.9220
11089.1300
11089.7500
11090.9420
11093.2590
11094.3220
11095.6850
11097.2320
11098.1280
11098.8130
11099.1130
11099.5240
11099.5850
11100.5620
11102.0150
11102.4190
11102.6580
11103.9280
11105.6590
11106.2460
11107.4710
11108.5690
11109.4610
11109.9560
11110.4460
11111.3450
11113.1440
11113.3920
11113.5620
11116.6940
11118.4750
11119.4300
11120.4190
11122.6800
11123.8870
11124.6810
11125.6180
11125.7830
11125.8870
11126.4380
11133.6440
11135.7400
11135.8680
11136.7570
11140.0420
11140.2330
11141.7830
11142.3420
11142.5630
11149.3450
11151.6500
11152.3810
11153.6990
11154.6180
11154.9380
11155.5410
11156.3100
11156.7270
11157.0240
11158.5770
11160.9430
11163.5990
11164.2350
11165.7690
11166.0510
11166.9450
11168.2570
11168.5410
11170.0330
11170.8940
11172.4510
11172.6700
11172.8240
11173.1460
11174.3660
11182.8150
11183.1730
11183.3940
11183.6150
11185.5830
11186.7510
11187.2570
11188.0300
11188.5230
11189.4970
11190.1210
11190.6120
11193.4580
11195.4310
11195.8800
11196.1480
11198.0440
11199.2620
11199.5510
11200.0110
11202.1190
11203.8100
11204.3220
11211.6510
11212.2840
11212.3680
11213.7970
11215.8900
11217.2740
11218.4600
11220.1110
11221.2280
11223.0480
11224.2410
11224.7230
11225.6210
11225.7540
11227.9600
11228.3720
11229.6560
11230.0560
11231.3900
11231.6730
11234.7200
11234.9590
11237.3540
11238.5740
11239.8030
11240.1590
11241.2230
11241.8000
11243.4580
11246.9790
11247.5080
11252.5830
11256.1380
11256.9930
11257.5510
11259.5550
11260.5230
11260.7470
11262.5720
11262.7560
11265.3650
11267.2320
11268.2070
11270.9400
11271.1480
11271.9540
11272.1080
11272.3750
11274.9240
11275.9070
11276.7310
11277.1230
11279.2890
11280.3440
11281.1440
11281.6900
11281.9410
11282.9950
11284.7640
11285.1310
11286.2790
11287.4330
11287.6850
11291.2890
11293.2600
11293.4660
11294.0260
11296.6130
11297.0660
11297.2230
11297.7420
11298.7820
11298.8620
11301.3670
11302.5680
11304.4110
11306.1950
11310.4400
11310.5550
11311.7750
11313.3900
11314.4900
11314.7170
11316.8910
11317.7080
11318.4810
11318.8400
11321.4200
11321.7730
11322.4620
11325.2220
11325.5870
11327.5330
11328.0050
11328.4140
11329.3850
11332.5480
11334.0490
11334.7780
11336.0680
11337.6900
11339.7130
11347.3950
11348.3470
11352.7030
11353.7500
11353.9180
11354.0950
11356.8990
11357.4580
11358.9710
11359.4370
11360.5070
11361.7300
11362.1020
11362.9660
11364.2900
11366.9340
11368.2010
11370.3560
11371.5480
11371.6830
11373.2320
11376.9580
11379.8240
11379.9930
11381.2260
11382.1210
11382.6780
11383.4950
11383.7010
11384.3810
11384.6650
11386.6830
11387.0390
11387.2480
11387.6900
11390.8520
11395.1910
11395.5040
11396.1150
11397.0620
11400.4440
11401.5710
11402.4010
11402.5550
11403.3400
11403.5250
11403.8790
11408.9540
11410.5330
11410.8670
11413.5510
11416.0300
11416.2640
11417.1660
11418.4750
11418.7040
11419.1300
11420.3990
11420.6160
11422.0420
11422.4810
11422.6300
11423.4670
11424.7330
11425.2880
11425.7540
11429.0960
11430.4020
11433.0710
11434.1000
11435.6730
11436.1420
11436.3550
11437.1000
11440.4470
11441.8150
11442.9000
11444.5160
11444.7480
11446.7740
11447.0120
11447.7780
11451.3650
11453.2400
11453.4860
11456.1420
11458.2880
11458.6680
11459.0460
11459.2390
11462.2690
11462.5770
11463.7540
11464.3310
11466.2550
11467.3690
11468.2130
11471.7980
11471.9280
11472.7830
11474.0630
11474.4650
11476.0510
11476.5950
11477.8950
11478.1860
11479.1410
11481.8640
11484.6670
11484.8800
11485.5160
11486.2600
11489.7130
11490.1170
11490.3060
11491.3720
11492.2090
11492.3390
11493.0150
11493.3210
11494.5610
11495.7020
11497.6410
11499.0290
11499.4310
11500.5970
11500.7030
11500.9890
11501.1130
11501.2570
11502.6670
11503.6910
11504.0300
11506.5320
11507.4800
11509.1430
11509.5900
11510.6190
11511.5090
11512.0710
11514.2930
11514.4900
11514.9100
11519.1250
11519.4090
11519.9060
11520.3690
11520.7050
11521.3050
11522.1810
11523.0700
11529.9320
11531.3500
11532.1860
11532.6620
11533.8310
11535.7320
11536.3100
11541.3390
11541.5730
11545.5550
11545.8130
11546.8790
11548.5910
11549.0740
11550.2600
11550.9970
11551.3650
11555.2650
11555.7570
11557.1600
11557.4220
11557.9190
11558.8800
11562.3090
11562.9700
11563.5180
11564.2940
11565.3000
11565.7280
11568.1170
11568.5210
11569.6570
11570.9220
11571.9760
11572.1190
11572.3480
11574.2650
11574.8180
11576.4160
11576.5470
11578.2130
11579.1930
11579.4020
11580.2880
11583.6830
11585.6560
11587.0230
11587.4090
11588.9090
11589.9620
11591.0000
11591.5960
11591.7060
11592.4280
11593.4350
11593.5790
11593.8220
11597.2410
11598.9570
11599.6800
11600.8480
11603.2200
11605.3230
11606.0320
11609.4020
11612.0860
11612.2760
11615.3530
11615.9180
11618.9250
11619.1820
11622.5510
11622.7640
11622.9970
11623.6940
11624.1120
11624.4120
11625.7950
11626.4060
11627.1310
11627.6830
11629.0760
11629.6890
11632.2430
11636.2050
11639.6350
11640.1430
11640.2510
11640.4860
11640.6180
11640.8320
11642.3480
11644.3050
11644.9780
11645.8860
11646.4040
11647.3220
11650.0470
11651.7210
11656.8770
11657.4320
11658.3090
11660.8210
11660.9970
11664.5520
11666.0720
11666.9220
11667.0240
11668.3750
11668.5420
11676.5630
11677.3110
11677.9740
11678.7590
11679.0290
11680.9160
11682.2640
11683.7650
11687.0480
11687.8890
11688.2470
11693.9880
11695.0280
11695.4000
11696.2580
11696.5580
11696.8500
11697.3790
11697.8810
11700.4830
11702.3300
11703.3600
11704.1940
11704.7870
11705.6880
11706.6500
11707.1490
11707.2830
11707.7460
11708.0390
11708.8900
11709.7270
11709.8350
11710.3310
11713.1200
11714.0960
11714.2540
11715.8820
11717.1550
11717.6600
11718.0330
11720.6900
11721.8940
11724.0480
11724.8500
11725.8590
11727.5660
11727.7770
11728.9050
11730.0150
11730.8210
11732.1710
11732.6460
11734.4590
11735.2850
11735.5620
11740.6410
11741.1000
11741.4100
11742.1680
11742.3660
11742.6350
11742.9750
11743.2200
11744.1680
11744.3730
11745.6250
11747.0560
11750.3480
11753.4720
11754.3770
11754.6060
11754.9470
11758.9250
11761.3700
11761.7090
11762.0000
11762.2630
11766.0610
11766.4310
11768.3790
11771.8780
11773.6800
11773.9020
11774.3070
11775.3390
11775.9090
11777.7370
11778.1300
11778.7910
11779.7710
11780.8490
11781.7980
11785.8780
11786.5160
11786.6390
11786.8880
11789.3060
11790.8730
11794.9850
11796.2430
11797.4650
11798.5460
11798.9360
11800.7060
11802.0040
11802.2820
11803.9860
11805.5970
11806.9090
11807.2740
11808.7610
11812.9770
11814.0820
11816.7310
11817.1570
11818.1470
11818.3730
11820.0630
11820.4470
11821.8640
11821.9950
11822.1640
11825.8520
11826.3920
11826.7710
11830.6590
11831.7100
11832.6810
11834.5300
11836.0840
11837.4200
11837.7280
11838.8660
11839.4120
11840.1120
11840.8660
11841.0550
11841.1560
11843.6460
11844.9330
11845.9210
11847.0480
11847.7260
11848.4220
11850.5090
11851.3680
11852.5970
11854.7960
11855.6660
11857.2680
11857.7750
11858.8120
11859.0020
11859.7380
11860.5020
11861.3840
11862.6630
11864.9300
11866.8050
11867.4100
11867.8100
11868.7970
11869.1560
11870.5140
11870.6980
11872.1360
11872.7020
11872.8380
11873.1350
11874.9950
11876.3120
11877.0250
11877.2150
11877.5720
11878.4860
11878.6190
11881.0770
11881.2880
11881.6570
11883.5220
11884.4680
11887.6630
11888.2270
11889.4210
11889.7980
11890.1330
11890.6150
11891.2380
11891.3860
11892.1990
11892.4810
11892.7040
11893.5820
11894.3070
11896.2400
11896.8430
11897.4940
11899.5600
11899.9490
11902.2440
11904.1630
11905.7450
11908.7410
11909.7140
11912.0850
11913.0410
11917.8400
11918.2890
11918.7690
11921.4780
11922.9020
11923.0180
11925.2940
11925.7100
11927.0160
11927.6980
11927.8810
11930.5690
11931.1000
11932.0980
11932.2780
11936.4250
11938.7880
11939.2620
11940.0450
11943.9110
11948.2330
11949.7150
11950.7590
11951.0850
11951.9850
11954.6640
11955.2360
11959.0310
11959.5920
11960.1750
11960.8200
11962.0520
11963.6350
11966.6070
11969.3600
11969.4760
11970.0160
11970.7420
11971.6770
11972.2460
11972.9010
11973.1700
11973.7140
11976.0970
11976.3890
11978.8520
11979.1180
11979.2800
11979.3940
11980.1180
11980.7590
11981.9360
11984.6430
11984.9510
11986.9730
11990.0960
11990.8260
11992.9800
11993.5550
11995.1350
11995.4810
11996.2800
11999.5360
12000.5440
12000.9540
12002.0850
12002.8560
12003.1380
12003.7510
12003.9760
12004.5470
12005.5720
12009.6010
12010.1310
12010.3890
12010.5380
12010.6830
12011.3060
12013.9510
12015.8210
12017.8720
12018.1320
12019.4150
12020.9660
12021.1470
12022.5010
12023.0380
12024.3210
12025.1250
12027.4600
12028.8590
12030.0670
12030.4410
12032.0540
12033.0510
12033.3760
12034.4390
12035.1840
12035.6150
12035.7840
12037.6400
12039.7450
12039.8730
12041.9170
12043.2060
12044.3550
12045.1180
12046.4740
12046.7400
12047.7130
12048.2560
12048.4210
12049.0790
12050.5010
12050.7080
12050.9000
12051.3720
12051.9150
12053.4480
12054.6820
12055.3490
12056.0180
12057.6230
12058.2180
12058.4300
12063.3390
12063.4810
12063.9950
12064.3400
12064.5920
12065.2680
12065.6670
12066.4620
12067.3400
12071.1440
12072.4250
12072.6840
12073.7990
12074.3100
12074.8400
12075.9490
12077.2270
12077.5320
12078.0740
12078.4180
12078.8080
12078.9550
12079.1450
12079.6030
12080.1310
12082.7590
12083.7760
12085.4590
12085.8050
12086.6710
12086.8450
12087.7710
12088.6140
12089.6150
12092.3290
12093.4830
12095.0090
12097.9960
12098.8940
12099.2740
12099.4130
12100.1030
12101.4720
12103.2380
12107.1810
12109.3340
12109.8690
12111.7160
12112.2610
12114.3720
12118.4490
12120.6220
12120.9520
12122.4850
12126.2790
12126.6500
12128.2020
12128.3760
12129.0430
12129.1970
12129.3850
12129.7940
12131.7590
12133.0170
12134.9730
12135.9800
12138.6750
12138.9550
12139.4340
12144.1500
12145.1890
12145.9180
12146.0470
12147.2290
12150.2900
12151.3830
12151.7620
12156.9890
12159.5060
12160.5730
12161.2570
12161.7880
12162.6540
12165.0980
12166.2400
12166.7230
12167.5290
12167.7170
12167.9930
12168.5010
12169.6210
12170.7530
12171.6710
12172.1050
12172.5900
12173.1850
12174.2870
12174.7420
12175.7750
12178.1320
12178.6000
12179.8460
12180.1870
12180.3500
12182.5350
12183.7500
12184.3130
12184.8230
12185.0510
12185.1670
12185.3380
12189.9720
12190.3030
12190.8750
12192.0590
12192.3660
12193.7130
12194.4790
12195.0900
12197.2320
12197.3940
12197.5540
12198.0490
12198.3600
12200.9620
12201.9550
12202.4170
12203.2540
12203.6190
12203.8770
12204.1540
12205.1140
12205.8330
12206.8140
12209.7260
12210.4500
12210.8370
12211.5400
12214.2100
12215.8720
12215.9670
12217.0900
12217.9320
12218.7050
12219.0530
12221.1840
12221.7170
12222.5610
12223.6130
12224.6820
12226.9640
12227.3390
12228.6020
12230.2850
12230.8750
12231.1050
12232.7830
12232.8930
12234.2310
12235.4620
12235.6500
12235.8020
12237.1910
12237.7690
12238.7590
12240.6780
12242.3590
12242.5680
12244.1800
12247.4460
12249.9870
12250.2890
12250.4010
12252.3530
12253.8160
12254.2150
12254.6560
12256.8580
12258.7670
12261.1800
12261.3710
12262.5250
12262.7080
12263.1910
12264.7150
12265.0340
12266.4250
12267.3120
12267.6480
12270.4930
12271.3630
12273.8680
12275.5420
12275.8050
12278.2770
12283.5220
12286.7730
12286.8980
12287.5610
12288.7980
12289.7820
12290.5980
12291.1000
12291.4140
12292.1450
12293.2110
12293.3740
12294.7670
12295.7520
12297.0270
12298.0830
12299.4570
12302.3380
12302.7850
12303.6030
12305.4280
12307.9930
12308.3350
12312.5050
12312.9050
12313.7850
12315.4820
12315.6880
12316.4480
12319.5830
12324.6550
12326.0350
12326.4320
12326.7120
12327.4570
12327.7040
12328.8640
12330.8730
12331.8370
12332.3040
12332.5100
12333.0920
12334.0740
12335.1000
12335.8570
12336.0900
12336.5400
12336.8190
12337.7620
12338.3920
12340.0820
12340.4470
12341.1750
12341.6080
12341.8870
12342.3500
12343.6520
12345.1200
12346.7780
12346.9420
12347.5940
12349.1720
12349.7040
12350.9320
12357.8040
12358.1210
12358.6830
12359.3950
12359.9040
12360.9730
12362.0050
12363.0660
12363.8820
12365.6490
12365.7340
12366.6750
12366.9810
12368.5140
12370.8570
12371.2340
12371.5050
12373.5020
12374.5110
12375.2520
12376.8950
12377.6140
12380.4680
12381.2540
12382.2780
12382.9580
12383.5730
12386.9040
12387.3920
12389.7950
12390.5740
12392.8620
12395.0810
12395.7900
12397.1160
12397.8950
12398.0920
12399.1210
12400.8980
12401.8380
12402.2370
12404.0320
12405.7860
12407.1640
12410.8690
12411.7590
12421.1890
12421.3290
12422.1600
12425.9960
12426.4480
12427.3300
12430.0390
12431.1490
12432.0260
12433.5820
12434.9160
12435.9630
12437.6230
12438.4980
12438.8580
12439.4510
12439.5490
12441.1250
12442.2140
12445.2430
12446.3880
12447.5690
12448.7760
12450.7910
12451.5090
12452.6300
12453.2030
12454.7540
12457.8320
12458.7160
12459.5760
12461.3010
12464.7760
12465.2090
12468.3600
12470.9900
12471.3360
12472.2880
12472.5120
12472.8720
12473.3540
12473.8880
12474.9080
12475.2820
12475.4820
12478.1840
12479.6760
12479.8540
12482.2000
12482.4550
12483.6860
12487.6650
12487.8740
12488.6270
12488.7790
12492.3650
12494.6340
12496.2090
12497.4480
12499.0420
12499.2060
12500.4280
12501.8820
12502.4450
12502.8900
12503.0650
12503.4200
12504.6160
12505.8360
12506.5750
12509.0860
12509.6610
12510.3180
12511.7150
12511.8990
12512.6600
12514.2150
12514.7320
12516.9420
12517.5680
12517.7740
12519.3260
12520.4590
12521.5890
12522.2810
12523.1270
12524.9300
12526.6090
12526.7780
12528.1720
12529.7170
12530.7460
12532.6420
12533.5080
12534.1650
12534.5940
12535.2420
12536.9570
12538.4550
12539.3500
12539.6720
12541.0550
12542.0880
12542.2390
12542.6220
12542.9450
12543.6590
12546.3160
12547.4010
12548.9550
12549.2650
12549.8080
12552.0550
12552.2650
12554.1180
12554.5320
12555.3020
12558.7380
12564.6140
12565.4770
12565.7560
12568.0440
12568.3100
12570.8630
12571.1200
12571.2920
12578.0320
12578.9190
12579.3840
12580.0360
12580.5280
12581.1000
12586.2530
12594.0990
12594.4770
12595.9780
12596.3850
12596.8960
12597.4050
12600.8920
12602.1470
12603.7770
12604.9670
12605.6760
12606.4940
12609.2900
12610.4870
12611.3350
12612.6260
12612.9120
12613.7660
12614.0940
12614.3910
12616.2000
12618.0970
12618.9230
12620.6110
12623.2590
12623.6940
12624.4070
12624.6120
12625.3440
12625.4410
12627.2930
12628.5910
12628.9470
12629.1640
12630.6270
12633.0280
12633.4520
12635.2270
12637.1220
12637.4150
12638.2660
12640.6640
12642.1620
12649.7660
12650.6600
12651.8020
12652.0790
12652.3670
12653.4330
12656.4620
12657.4500
12658.1440
12659.7120
12659.8860
12664.2280
12665.1320
12665.5580
12666.1030
12669.2260
12670.2590
12670.6770
12671.1740
12671.6050
12673.1150
12674.0630
12674.3680
12678.0660
12681.9260
12683.0460
12683.8090
12685.7950
12688.2420
12689.8140
12691.1650
12694.6060
12695.7650
12697.5170
12698.7560
12701.5130
12703.0630
12704.1460
12708.8990
12711.8790
12713.7540
12715.9180
12718.5130
12720.5130
12721.8700
12722.7960
12723.9090
12725.0180
12725.4830
12725.8500
12726.1190
12726.4790
12726.6790
12727.3850
12729.1260
12730.4820
12733.5760
12733.7410
12735.6080
12736.1390
12738.6870
12738.8990
12739.5850
12739.6920
12740.0200
12740.7420
12744.0330
12745.9420
12746.6310
12757.4670
12757.6980
12760.5790
12760.9870
12762.7000
12763.1610
12764.4820
12764.8940
12765.7840
12766.5720
12769.9000
12770.3420
12770.7270
12771.1640
12774.4150
12774.7990
12776.0580
12777.1380
12777.5810
12779.0650
12779.7340
12784.3290
12785.0820
12786.4170
12788.6580
12792.8020
12793.7120
12794.1320
12794.4430
12795.2380
12795.7860
12797.8420
12798.1560
12799.4330
12800.8160
12801.2300
12804.9360
12805.4860
12805.8210
12807.5100
12809.3830
12811.0470
12815.1960
12815.3640
12816.7040
12817.5210
12819.3440
12820.9910
12822.2800
12822.6330
12824.1340
12825.8940
12827.3290
12828.0970
12828.2580
12828.7210
12829.7790
12831.1260
12835.9210
12836.7770
12837.9460
12838.5510
12838.7220
12839.4760
12840.2620
12840.4960
12842.8500
12843.6310
12844.2570
12844.6640
12845.4840
12845.7800
12847.2250
12847.6280
12848.2430
12849.2850
12849.4410
12853.0720
12855.1650
12855.4530
12855.6620
12856.1000
12856.2370
12857.1900
12858.0160
12859.7900
12862.2030
12863.1230
12863.4510
12864.8780
12865.3070
12866.7570
12867.3790
12868.8610
12871.1870
12871.8620
12873.2730
12873.7080
12873.9550
12875.8120
12880.6400
12881.3370
12882.6630
12883.3360
12883.6680
12884.2960
12885.1710
12886.2090
12886.8850
12887.3440
12887.8730
12889.9970
12890.9580
12893.8080
12894.2250
12894.4820
12895.0030
12895.1510
12895.7920
12896.5270
12897.3640
12898.1260
12898.7300
12900.1390
12903.2680
12903.9070
12904.1370
12905.0060
12905.1600
12905.2590
12905.4610
12906.6940
12909.1520
12912.9980
12913.3030
12913.6750
12917.5350
12918.7470
12921.0650
12921.2430
12921.6460
12922.3790
12925.7430
12927.9570
12928.1280
12928.3860
12928.5020
12929.8540
12929.9990
12936.2920
12936.7550
12936.8660
12942.6400
12944.2670
12945.8580
12947.0800
12949.2930
12950.0140
12951.7890
12953.1000
12953.7080
12954.8320
12955.0170
12960.2110
12960.3400
12962.6970
12963.7670
12964.4690
12965.2540
12965.5190
12966.7620
12967.2910
12968.1300
12968.6300
12968.8420
12969.4460
12969.9450
12970.6740
12972.1340
12972.4400
12973.0420
12975.6630
12977.0740
12977.3360
12980.2200
12980.4820
12982.0340
12982.6650
12984.1450
12984.4080
12984.7990
12986.3750
12986.9450
12987.6000
12988.2690
12989.9450
12990.5110
12993.0770
12995.0800
12995.7270
12996.9990
12997.1650
12997.9640
12999.8680
13001.4220
13006.2240
13006.8450
13008.4100
13008.7670
13009.6760
13010.4600
13011.2860
13011.7040
13012.3450
13012.7730
13014.3590
13014.6670
13016.7990
13016.9440
13018.6280
13020.6760
13027.2930
13028.3030
13030.5000
13031.8660
13036.5230
13037.1350
13037.7320
13041.9630
13042.6140
13043.7300
13044.8660
13045.0500
13047.1310
13048.6640
13049.2020
13050.4100
13051.4500
13051.9970
13052.8470
13053.5140
13055.1800
13057.0500
13057.4720
13058.1380
13061.8950
13063.7860
13064.0560
13065.0640
13065.3880
13066.4780
13067.4460
13069.1990
13072.0790
13073.1810
13075.8750
13077.1980
13078.1860
13078.4370
13078.5880
13080.7400
13081.9720
13083.9370
13084.7240
13085.8900
13086.4190
13086.7500
13090.0510
13090.9290
13091.8620
13092.0810
13092.5870
13093.2940
13093.8650
13096.2410
13098.4730
13100.1580
13100.9620
13102.3310
13103.2600
13103.5740
13104.3180
13104.5560
13104.6730
13105.1210
13105.8090
13107.9470
13109.4690
13111.1720
13111.7810
13112.2780
13115.1010
13115.7490
13116.6730
13118.3990
13119.1750
13119.4350
13122.9240
13124.1280
13124.4730
13126.2830
13126.5600
13127.6240
13132.5920
13133.5810
13136.1990
13136.3810
13138.7700
13140.1770
13140.6260
13141.6510
13141.9370
13143.0650
13143.2970
13144.2140
13144.9110
13146.1150
13147.5400
13148.4170
13151.2180
13152.4680
13154.5320
13156.7770
13156.9280
13157.4280
13159.3150
13160.0210
13162.3680
13163.9330
13164.0850
13165.2760
13165.9610
13166.9910
13168.3220
13172.2420
13172.5640
13173.1540
13174.4450
13174.7230
13175.3720
13176.7120
13177.5850
13179.7620
13183.5920
13185.7950
13186.1690
13188.1260
13188.7640
13189.0810
13190.3900
13194.3500
13196.3040
13197.0060
13198.0060
13199.6860
13201.6630
13203.3820
13203.9240
13204.9120
13205.5820
13206.5430
13208.5530
13209.5220
13210.0000
13210.1780
13210.6550
13212.6290
13213.5570
13214.1150
13217.3660
13218.2130
13218.9570
13219.2010
13220.9700
13221.7270
13224.6610
13225.9670
13226.1710
13227.9460
13228.8450
13231.3400
13232.1560
13233.1660
13233.5770
13234.5260
13235.7860
13237.5870
13237.9920
13238.4880
13238.7170
13239.0270
13241.7720
13242.1610
13242.9890
13244.2100
13245.0320
13246.6450
13250.0480
13250.5020
13251.7750
13252.5370
13253.7950
13255.9410
13257.0520
13257.5030
13257.9430
13258.8230
13260.0150
13260.2110
13261.0370
13262.0540
13262.2790
13263.3080
13273.7010
13275.3590
13275.7050
13279.1830
13280.6190
13281.4450
13286.4720
13286.9490
13287.8610
13292.9050
13294.6320
13295.0020
13295.6160
13296.4320
13296.6770
13297.6590
13298.3440
13299.5430
13300.3800
13303.5340
13304.5650
13304.9490
13308.8080
13309.5610
13309.8690
13311.1040
13314.5810
13315.5650
13316.4930
13317.0990
13317.9730
13322.5720
13322.8020
13323.6450
13324.7990
13325.1740
13327.4510
13329.6520
13329.8890
13330.2260
13334.0470
13334.1990
13334.6800
13335.9220
13336.3430
13341.5070
13341.9440
13343.1550
13344.4160
13346.1860
13349.9480
13351.8730
13353.0260
13354.9670
13356.9470
13358.3950
13361.7760
13363.0700
13364.1510
13365.4110
13367.4080
13369.6770
13369.8580
13371.3500
13371.4800
13373.9340
13374.2510
13377.4940
13381.2390
13382.7450
13383.1580
13383.4420
13384.8070
13384.9080
13386.0880
13387.1880
13388.5890
13389.3200
13389.5630
13394.8890
13397.1200
13399.4560
13400.6580
13401.0080
13402.4050
13404.7190
13405.0020
13405.1900
13406.3830
13410.7330
13411.5940
13414.7410
13415.2950
13417.0900
13417.7320
13418.1240
13418.4060
13419.1120
13419.4530
13420.2010
13420.5840
13420.8760
13421.4130
13423.9520
13424.5470
13425.9720
13427.5080
13428.7700
13430.1400
13430.2940
13432.2620
13437.9380
13439.6140
13439.9040
13442.5170
13443.4250
13445.4390
13446.4410
13446.7500
13447.4850
13448.1150
13448.7210
13449.5180
13450.3330
13450.8940
13451.9920
13452.9220
13453.2370
13453.8780
13454.5640
13457.2800
13457.8080
13459.8350
13461.7490
13463.1480
13464.4360
13464.8300
13470.0850
13471.9390
13473.0510
13473.4440
13475.9210
13476.5370
13477.5270
13479.0270
13479.1860
13480.1880
13480.3330
13481.4310
13481.8960
13483.3500
13483.9170
13484.3750
13484.6260
13484.8610
13486.1620
13486.6530
13487.2400
13491.3280
13493.6600
13494.6470
13495.8040
13499.3140
13499.8110
13500.2380
13500.3840
13500.5390
13500.7150
13501.2830
13502.5880
13503.4450
13507.7190
13508.1430
13511.3770
13511.6070
13514.7180
13519.3940
13519.6050
13521.1250
13522.8400
13526.5660
13526.8670
13527.2030
13528.2360
13528.8710
13529.3000
13531.4130
13531.8350
13532.3250
13532.5370
13533.0190
13533.9460
13536.1920
13536.9650
13537.8000
13540.5830
13541.1030
13542.3560
13543.4030
13544.6370
13545.5220
13545.6700
13546.5620
13547.3830
13549.0220
13549.8570
13550.3340
13551.7430
13554.5190
13554.6650
13558.4430
13558.6090
13561.0370
13562.7430
13565.4280
13566.6410
13568.0890
13568.9570
13572.7690
13574.5540
13575.7740
13577.9030
13579.6360
13582.1860
13583.5580
13583.7650
13584.2660
13585.7920
13586.5860
13587.8190
13588.1180
13589.5410
13592.7580
13593.3430
13593.7700
13595.1360
13596.6970
13598.4980
13598.7610
13599.4880
13600.6260
13601.1330
13601.6470
13601.8640
13603.3440
13603.6210
13604.8630
13605.1790
13608.5790
13611.1700
13611.7110
13612.1490
13612.4150
13613.2260
13613.8310
13614.1590
13614.3790
13614.5040
13615.0510
13616.0740
13616.8690
13617.3360
13618.3600
13619.5610
13620.7500
13622.1240
13625.7590
13626.2500
13626.4900
13627.1910
13628.5520
13629.8470
13631.9200
13632.5200
13634.8340
13635.3210
13637.3280
13637.8290
13638.0590
13638.5270
13639.3490
13640.1600
13641.6230
13648.6030
13649.1190
13650.8080
13651.2300
13652.4120
13653.2250
13653.8890
13654.0960
13656.0850
13657.3170
13665.4070
13665.9570
13667.6320
13673.6660
13675.2570
13676.9440
13677.3440
13677.7330
13679.8180
13681.2900
13681.8410
13683.2790
13685.7290
13687.0940
13688.7740
13690.5880
13698.4120
13699.3790
13699.7650
13701.6920
13703.5920
13704.4550
13704.7470
13705.8100
13706.7260
13706.9440
13709.6960
13712.3140
13712.8440
13713.6750
13715.2390
13717.5880
13720.2120
13720.7400
13723.7320
13725.2070
13730.6690
13733.8970
13734.6350
13734.9580
13735.8510
13736.1220
13736.9060
13737.4780
13739.5900
13743.0160
13748.0820
13749.2580
13749.6680
13750.5520
13751.1160
13753.6910
13754.1090
13762.1980
13762.4250
13763.8500
13764.6040
13765.6110
13765.7580
13766.8920
13768.0350
13769.4040
13770.8640
13771.6630
13772.4270
13773.2720
13773.9630
13774.2940
13774.6310
13775.4450
13776.4390
13777.1080
13777.9300
13778.2570
13779.5560
13780.5260
13780.9650
13786.1450
13786.7110
13787.2740
13787.8710
13789.0420
13791.4970
13792.7570
13794.3010
13794.8280
13796.0400
13796.3070
13796.7700
13798.5310
13799.3450
13800.6060
13805.0680
13805.7010
13806.0160
13806.5880
13809.8700
13811.3710
13811.8260
13812.5370
13814.5990
13815.0740
13816.2250
13816.8860
13818.9270
13819.1880
13819.5350
13820.6700
13824.2190
13824.6100
13828.8420
13831.4710
13833.4540
13835.6870
13837.1630
13837.9460
13838.3710
13839.5870
13842.3750
13842.8320
13844.5900
13845.1370
13847.7710
13851.1590
13851.3500
13852.7950
13854.1890
13854.6490
13855.7840
13856.5340
13857.8940
13858.6830
13860.6990
13861.2400
13862.4460
13862.6830
13863.0680
13863.5960
13863.7440
13865.2750
13865.3970
13866.6910
13867.8740
13868.4950
13868.7860
13868.9340
13869.1240
13870.6310
13874.3970
13875.6310
13876.9680
13877.5530
13880.5380
13880.8430
13881.5800
13882.0850
13884.1610
13884.5320
13887.6870
13888.1490
13888.5050
13888.6490
13890.7400
13890.8600
13891.6740
13897.0530
13899.6280
13905.1950
13905.9890
13909.3820
13909.6990
13910.6350
13913.3980
13913.7570
13914.7000
13915.2590
13918.6580
13920.0420
13922.7160
13923.7290
13929.1600
13931.1760
13932.8890
13934.6490
13934.9780
13935.6630
13936.2950
13937.5040
13937.7680
13937.9390
13941.7220
13942.8740
13943.2380
13944.2510
13944.9410
13947.3700
13950.6980
13951.1970
13951.7120
13952.3230
13952.4630
13952.8100
13955.4740
13956.1740
13956.9590
13957.6990
13958.6890
13959.8880
13961.6370
13962.1490
13962.8030
13962.9920
13963.2330
13964.4110
13965.2020
13965.3950
13968.0520
13971.7580
13973.4870
13973.6490
13975.2000
13978.1550
13979.7460
13980.7170
13981.3330
13985.9080
13988.3870
13992.2240
13994.1910
13995.4550
14000.5220
14001.2960
14003.2080
14004.5780
14005.7250
14005.9220
14007.7120
14007.9960
14008.3840
14010.9110
14011.8520
14013.3460
14015.1830
14015.5030
14017.6960
14018.3770
14018.7980
14020.5380
14021.4830
14023.2810
14023.7130
14024.6140
14028.1020
14030.3820
14033.0910
14033.2810
14033.8500
14034.0200
14034.8100
14035.5360
14039.3150
14040.0830
14041.9870
14045.4740
14048.7030
14049.6540
14050.7380
14051.3430
14051.5010
14052.3370
14053.9000
14054.1320
14056.3130
14057.1100
14058.1670
14058.6220
14058.8740
14059.0570
14059.8580
14063.2780
14066.9380
14067.1070
14070.4420
14070.8440
14071.9000
14073.0650
14075.2210
14075.7060
14078.3050
14079.3160
14079.5600
14082.7380
14083.7980
14084.0390
14086.1440
14086.9930
14090.3260
14097.2850
14098.0500
14098.3440
14099.4020
14100.1630
14106.3430
14109.4030
14111.6670
14112.6790
14114.6220
14114.9530
14116.5830
14116.8430
14117.4320
14119.0100
14119.3200
14121.8190
14122.4390
14123.0110
14124.5120
14127.6100
14130.4320
14132.8070
14135.5800
14136.7730
14136.9880
14137.3980
14137.7220
14140.8930
14142.1290
14145.2510
14149.2460
14150.2300
14153.8690
14154.0610
14155.5850
14155.8120
14155.9940
14158.3150
14158.6940
14160.3210
14161.0440
14165.4640
14165.9210
14169.3710
14170.1040
14170.8800
14171.1760
14171.7680
14173.0950
14182.2380
14184.1950
14184.4890
14184.9220
14187.6170
14187.9040
14188.6200
14192.3970
14193.1580
14194.2800
14195.1220
14195.9670
14199.3630
14199.5360
14201.5960
14202.1310
14202.6940
14203.2700
14204.4440
14205.0090
14207.1610
14208.6390
14213.9130
14214.7850
14215.2040
14217.6480
14218.8130
14219.1710
14225.1810
14226.6770
14229.4790
14231.8910
14234.0540
14235.7650
14236.2380
14236.7170
14237.9970
14238.4630
14240.2690
14241.1940
14243.2740
14244.6540
14247.1680
14247.8500
14249.1170
14252.6830
14253.3190
14256.3850
14257.0170
14258.9740
14259.1510
14259.6940
14260.7880
14264.6250
14265.5380
14268.2630
14269.1040
14273.6760
14274.4820
14277.7010
14278.0030
14278.4580
14278.7240
14279.4800
14280.5720
14281.0560
14281.6720
14282.4460
14283.0820
14284.4320
14284.9940
14285.3800
14285.5950
14287.0230
14289.4500
14290.7230
14291.4770
14291.9730
14292.7490
14292.9700
14295.4140
14296.1700
14298.5650
14303.5490
14305.6190
14306.2900
14310.9230
14311.3330
14312.2830
14313.2870
14315.4330
14317.2490
14318.5680
14320.2910
14322.5040
14324.5370
14326.5430
14328.1470
14329.0850
14329.4610
14329.9110
14330.9330
14332.3020
14332.8540
14333.0280
14336.5560
14336.9050
14337.6730
14338.6980
14338.9750
14341.3730
14342.6100
14342.7710
14343.6590
14345.4440
14345.7210
14347.7390
14350.3820
14351.5390
14353.7350
14356.0820
14356.7710
14359.4250
14360.1640
14360.3870
14364.0550
14364.6410
14365.8580
14366.8850
14368.7080
14369.2910
14371.3550
14371.9300
14373.9750
14375.8260
14377.7120
14379.9960
14381.5910
14383.1530
14383.7210
14386.5530
14387.1330
14387.2620
14390.1290
14392.2020
14396.1210
14396.2600
14397.0810
14397.6180
